0, 11893, 14633, 10172, 8078, 12843, 10079, 14395, 8056, 14232, 11714, 9309, 12517, 11574, 9720, 13727, 13852, 14330, 10660, 8138    
11893, 0, 10568, 9031, 11050, 9039, 10622, 14138, 8738, 9122, 8817, 13099, 9984, 13063, 11546, 11379, 8850, 14111, 13775, 8073    
14633, 10568, 0, 14174, 13338, 12629, 14418, 10391, 14444, 12956, 14040, 12835, 13486, 14249, 14039, 8186, 14730, 8886, 12862, 12365    
10172, 9031, 14174, 0, 9422, 11814, 14133, 11645, 10495, 13099, 14712, 14988, 11662, 14561, 13350, 10781, 14886, 11549, 13044, 11194    
8078, 11050, 13338, 9422, 0, 9868, 11492, 12416, 14672, 12894, 11181, 14310, 9231, 12697, 12617, 8856, 11850, 13302, 12558, 11165    
12843, 9039, 12629, 11814, 9868, 0, 10069, 10605, 8799, 9295, 14078, 12349, 14367, 9501, 11379, 13431, 10723, 8845, 10427, 14821    
10079, 10622, 14418, 14133, 11492, 10069, 0, 12734, 8656, 13830, 12681, 13165, 11583, 8610, 9202, 9838, 10755, 10674, 13881, 13024    
14395, 14138, 10391, 11645, 12416, 10605, 12734, 0, 11980, 13753, 11174, 14603, 13478, 12543, 12974, 11059, 8799, 11781, 13797, 9287    
8056, 8738, 14444, 10495, 14672, 8799, 8656, 11980, 0, 11108, 8725, 11253, 12277, 13086, 9476, 12513, 9597, 11850, 13866, 8605    
14232, 9122, 12956, 13099, 12894, 9295, 13830, 13753, 11108, 0, 14301, 8065, 13706, 9212, 8301, 8258, 14817, 9277, 12742, 14550    
11714, 8817, 14040, 14712, 11181, 14078, 12681, 11174, 8725, 14301, 0, 8133, 13841, 9062, 10704, 13366, 13779, 13710, 12832, 12812    
9309, 13099, 12835, 14988, 14310, 12349, 13165, 14603, 11253, 8065, 8133, 0, 8079, 9554, 9760, 11617, 10566, 9382, 12105, 11755    
12517, 9984, 13486, 11662, 9231, 14367, 11583, 13478, 12277, 13706, 13841, 8079, 0, 9991, 14717, 13082, 11787, 14614, 11698, 10970    
11574, 13063, 14249, 14561, 12697, 9501, 8610, 12543, 13086, 9212, 9062, 9554, 9991, 0, 14363, 8175, 12309, 9042, 11251, 9250    
9720, 11546, 14039, 13350, 12617, 11379, 9202, 12974, 9476, 8301, 10704, 9760, 14717, 14363, 0, 12291, 12173, 10971, 9000, 9868    
13727, 11379, 8186, 10781, 8856, 13431, 9838, 11059, 12513, 8258, 13366, 11617, 13082, 8175, 12291, 0, 14291, 12915, 9583, 9671    
13852, 8850, 14730, 14886, 11850, 10723, 10755, 8799, 9597, 14817, 13779, 10566, 11787, 12309, 12173, 14291, 0, 13657, 8621, 9089    
14330, 14111, 8886, 11549, 13302, 8845, 10674, 11781, 11850, 9277, 13710, 9382, 14614, 9042, 10971, 12915, 13657, 0, 9709, 10960    
10660, 13775, 12862, 13044, 12558, 10427, 13881, 13797, 13866, 12742, 12832, 12105, 11698, 11251, 9000, 9583, 8621, 9709, 0, 13131    
8138, 8073, 12365, 11194, 11165, 14821, 13024, 9287, 8605, 14550, 12812, 11755, 10970, 9250, 9868, 9671, 9089, 10960, 13131, 0   